[Lasercal]
f_lam0 = 405.0
f_scalxy = 1.0
b_fitxy = 0
i_imx = 1920
i_imy = 1200
f_f0 = 16.0
f_pix = 0.00586
f_grat = 600.0
f_rotdeg = 0.0
i_binning = 1
s_comment = Kowa LM16HC 16mm F1.4
s_infile = calib\2021\20210417\Kowa210417_add5_off
s_outfil = calib\2021\20210417\Kowa210417_add5
s_linelist = calib\lines_Hg_Ar
b_sqrt = 0

[Calib]
scalxy = 1.0
x00 = 890.1547
y00 = 561.6112
rot = 0.004774111
disp0 = 0.5989822
a3 = 2.8470694e-08
a5 = 7.2809775e-15

[Fits]
date-obs = 2021-08-14T02:17:19.000
observer = Martin Dubs
version = 0.9.26
instrume = DMK33 GX249
telescop = Kowa LM16HC 16mm F1.4
m_statio = MAI_2
comment = calibration 210417 HgAr
d_scalxy = 1.0
d_x00 = 890.1547
d_y00 = 561.6112
d_rot = 0.004774111
d_disp0 = 0.5989822
d_a3 = 2.8470694e-08
d_a5 = 7.2809775e-15
bscale = 32767
bzero = 0
m_bob = 0
m_starti = 1
m_nim = 15

[Options]
zoom = 1.0
win_width = 1304
win_height = 725
win_x = 74
win_y = 31
calc_off_x = 355
calc_off_y = 50
setup_off_x = 872
setup_off_y = 188
debug = 0
fit-report = 0
scale_win2ima = 0
comment = DMK33 GX249
png_name = m_
outpath = test
mdist = mdist
colorflag = 0
bob = 0
plot_w = 1000
plot_h = 500
i_min = -1.344239
i_max = 25.086759
graph_size = 2000
show_images = 1
meteor_lines = meteor_lines
pngdir = tmp

