[Lasercal]
f_lam0 = 405.0
f_scalxy = 0.92
b_fitxy = 0
i_imx = 720
i_imy = 560
f_f0 = 7.0
f_pix = 0.0086
f_grat = 600.0
f_rotdeg = 0.0
i_binning = 1
s_comment = Watec, f: 7 mm
s_infile = caladd/caladd9
s_outfil = caladd/caladd9
s_linelist = l
b_sqrt = 0

[Calib]
scalxy = 0.92
x00 = 371.2
y00 = 324.18330483250566
rot = -0.006257839987802655
disp0 = 1.965
a3 = 3.1366977851023287e-07
a5 = -3.1927231042273116e-13

[Fits]
date-obs = 2018-10-14T02:38:17.000(UTC)
observer = Martin Dubs
version = 0.5
instrume = Watec ultimate H2
telescop = Tamron ASIR f: 7 mm
m_statio = MAI_2
comment = mod calibration 20181029
d_scalxy = 0.92
d_x00 = 371.2
d_y00 = 324.18332
d_rot = -0.00625784
d_disp0 = 1.965
d_a3 = 3.1366977e-07
d_a5 = -3.192723e-13
bscale = 32767
bzero = 0
m_starti = 2
m_nim = 9

[Options]
zoom = 1.0
win_width = 1060
win_height = 660
win_x = 50
win_y = 20
calc_off_x = 355
calc_off_y = 50
setup_off_x = 250
setup_off_y = 120
debug = 1
fit-report = 0
scale_win2ima = 1
comment = Watec
outpath = out
mdist = mdist
colorflag = 0

