[Lasercal]
f_lam0 = 405.0
f_scalxy = 0.92
b_fitxy = 0
i_imx = 720
i_imy = 576
f_f0 = 7.0
f_pix = 0.0086
f_grat = 600.0
f_rotdeg = 0.0
i_binning = 1
s_comment = Watec, f: 7 mm
s_infile = calib\caladd9
s_outfil = calib\caladd9
s_linelist = l
b_sqrt = 0

[Calib]
scalxy = 0.92
x00 = 371.2
y00 = 324.18332
rot = -0.00625784
disp0 = 3.93
a3 = 3.1366977e-07
a5 = -3.192723e-13

[Fits]
date-obs = 2018-10-14T02:38:17.000
observer = Martin Dubs
version = 0.9.22
instrume = Watec ultimate H2
telescop = Tamron ASIR f: 7 mm
m_statio = MAI_2
comment = mod calibration 20181029
d_scalxy = 0.92
d_x00 = 371.2
d_y00 = 324.18332
d_rot = -0.00625784
d_disp0 = 3.93
d_a3 = 3.1366977e-07
d_a5 = -3.192723e-13
bscale = 32767
bzero = 0
m_bob = 0
m_starti = 2
m_nim = 65

[Options]
zoom = 1.0
win_width = 1193
win_height = 716
win_x = 46
win_y = 0
calc_off_x = 355
calc_off_y = 50
setup_off_x = 250
setup_off_y = 120
debug = 0
fit-report = 0
scale_win2ima = 0
comment = Watec
png_name = m_
outpath = out
mdist = mdist
colorflag = 0
bob = 0
plot_w = 1000
plot_h = 500
i_min = -0.34453
i_max = 5.696009999999999
graph_size = 2000
show_images = 1
pngdir = tmp

