[Lasercal]
f_lam0 = 405.0
f_scalxy = 0.92
b_fitxy = 0
i_imx = 720
i_imy = 530
f_f0 = 7.0
f_pix = 0.0086
f_grat = 600.0
f_rotdeg = 0.0
i_binning = 1
s_comment = Watec, f: 7 mm
s_infile = caladd/caladd9
s_outfil = caladd/caladd9
s_linelist = l
b_sqrt = 0

[Calib]
scalxy = 0.9183
x00 = 364.0
y00 = 306.4
rot = -0.00625784
disp0 = 1.997
a3 = 2.05e-07
a5 = 6.318e-14

[Fits]
date-obs = 2020-06-24T00:02:37.000
observer = Martin Dubs
version = 0.9.22
instrume = Watec ultimate H2
telescop = Tamron ASIR f: 7 mm
m_statio = MAI_2
comment = mod calibration 20181029
d_scalxy = 0.9183
d_x00 = 364.0
d_y00 = 306.4
d_rot = -0.00625784
d_disp0 = 1.997
d_a3 = 2.05e-07
d_a5 = 6.318e-14
bscale = 32767
bzero = 0
m_bob = 0
m_starti = 2
m_nim = 65

[Options]
zoom = 1.0
win_width = 1110
win_height = 651
win_x = 46
win_y = 0
calc_off_x = 355
calc_off_y = 50
setup_off_x = 250
setup_off_y = 120
debug = 0
fit-report = 0
scale_win2ima = 1
comment = Watec
png_name = m_
outpath = out
mdist = mdist
colorflag = 0
bob = 0
plot_w = 1000
plot_h = 500
i_min = -0.34453
i_max = 5.696009999999999
graph_size = 2000
show_images = 0
pngdir = tmp

