[Lasercal]
f_lam0 = 405.0
f_scalxy = 1.0
b_fitxy = 1
i_imx = 720
i_imy = 480
f_f0 = 12.0
f_pix = 0.0086
f_grat = 600.0
f_rotdeg = 0.0
i_binning = 1
s_comment = Watec 902 H2 ultimate, f = 12mm
s_infile = calib/Marian Hg
s_outfil = calib/Marian Hg
s_linelist = lines_Hg2
b_sqrt = 0

[Calib]
scalxy = 1.2127955
x00 = 378.2942
y00 = 241.85468
rot = -0.00045498385
disp0 = 1.2867805
a3 = 9.924417e-08
a5 = 7.276437e-13

